prontera,165,161,3	script	Costume Girl	1_F_MARIA,{
        addtimer 1, strnpcinfo(0)+"::OnChangeBack";
		mes "[Costume Girl]";
        mes "หนูมีชุดเยอะแยะเลย";
		mes "พี่อยากลองใส่หน่อยมั๊ย";
        next;
		mes "[Costume Girl]";
        mes "หนูแค่ให้ลองเท่านั้นนะคะ";
		mes "ถ้าพี่อยากได้ ไปซื้อเอาที่ cash shop";
		mes "ในหมวด Limited ตั้งแต่หน้า 2 ไปค่ะ";
		next;
L_menu:
        .@s = select( .menu$ ) -1;
        if ( getiteminfo( .headgear[.@s], 5 ) & 1024 )
                changelook LOOK_HEAD_TOP, getiteminfo( .headgear[.@s], 11 );
        else if ( getiteminfo( .headgear[.@s], 5 ) & 2048 )
                changelook LOOK_HEAD_MID, getiteminfo( .headgear[.@s], 11 );
        else if ( getiteminfo( .headgear[.@s], 4096 ) & 1 )
                changelook LOOK_HEAD_BOTTOM, getiteminfo( .headgear[.@s], 11 );
        else {
                mes "this is not a headgear ...";
                close;
        }        
        goto L_menu;
OnChangeBack:
        if ( getequipid(EQI_COSTUME_HEAD_TOP) != -1 )
                changelook LOOK_HEAD_TOP, getiteminfo( getequipid(EQI_COSTUME_HEAD_TOP), 11 );
        else
                changelook LOOK_HEAD_TOP, 0;
        if ( getequipid(EQI_COSTUME_HEAD_MID) != -1 )
                changelook LOOK_HEAD_MID, getiteminfo( getequipid(EQI_COSTUME_HEAD_MID), 11 );
        else
                changelook LOOK_HEAD_MID, 0;
        if ( getequipid(EQI_COSTUME_HEAD_LOW) != -1 )
                changelook LOOK_HEAD_BOTTOM, getiteminfo( getequipid(EQI_COSTUME_HEAD_LOW), 11 );
        else
                changelook LOOK_HEAD_BOTTOM, 0;
        end;
OnInit:
        setarray .headgear, // add as many as possible
                19960,
				20084,
				20232,
				19753,
				31041,
				20318,
				19588,
				20499,
				20462,
				19800,
				20044,
				19664,
				19974,
				20435,
				20297,
				19876,
				31092,
				20031,
				20406,
				20446,
				31097,
				19952,
				20056,
				19725,
				20101,
				20341,
				20355,
				20354,
				20351,
				20352,
				20353,
				20356,
				20350,
				19997,
				20046,
				31045,
				20258,
				20064,
				20108,
				20404,
				19969,
				19624,
				19744,
				20248,
				20496,
				20292,
				20068,
				20257,
				19722,
				20215,
				31028,
				19916,
				20191,
				20265,
				20288,
				19623,
				20004,
				20019,
				19678,
				20147,
				31033,
				20307,
				20302,
				19834,
				20312,
				20234,
				20201,
				20277,
				19559,
				19608,
				19557,
				19648,
				20132,
				19985,
				19689,
				19553,
				19575,
				20217,
				20112,
				19595,
				19743,
				31090,
				20436,
				19781,
				20062,
				20146,
				19930,
				20219,
				20401,
				19568,
				20144,
				20315,
				20197,
				20763,
				19827,
				20070,
				19934,
				19716,
				19791,
				19581,
				20127,
				20438,
				20461,
				19954,
				20136,
				20135,
				19507,
				19517,
				19514,
				5914,
				20221,
				5980,
				19509,
				20500,
				19577,
				19640,
				20279,
				31038,
				20043,
				20190,
				20206,
				20210,
				20211,
				19992,
				20030,
				20243,
				19973,
				20106,
				19929,
				20131,
				19560,
				20110,
				20111,
				20338,
				20456,
				20016,
				20025,
				19582,
				19857,
				19622,
				19555,
				20319,
				20466,
				19558,
				20399,
				31039,
				20452,
				19785,
				19531,
				20504,
				20285,
				20006,
				20220,
				19690,
				19721,
				19871,
				20246,
				19594,
				19724,
				20331,
				19620,
				19542,
				20202,
				20167,
				20175,
				19748,
				31096,
				20403,
				20012,
				20384,
				19563,
				20086,
				20008,
				19667,
				19841,
				20009,
				19998,
				19963,
				20253,
				19601,
				19959,
				20238,
				20177,
				31053,
				20434,
				19600,
				31044,
				31032,
				20103,
				20346,
				31031,
				20164,
				31087,
				19971,
				20241,
				31062,
				20467,
				20498,
				19551,
				31057,
				20405,
				19824,
				20214,
				20157,
				19878,
				19920,
				19746,
				20299,
				19589,
				20333,
				20156,
				19984,
				20185,
				20247,
				19831,
				19853,
				20032,
				20105,
				19596,
				20162,
				20377,
				19983,
				20121,
				20339,
				19882,
				31098,
				19687,
				20187,
				19696,
				19548,
				19758,
				20490,
				31058,
				19158,
				20233,
				19977,
				31050,
				19979,
				20301,
				19754,
				19718,
				19928,
				20416,
				20425,
				20426,
				20427,
				20428,
				20417,
				20418,
				20419,
				20420,
				20421,
				20422,
				20423,
				20424,
				20450,
				20065,
				20762,
				20192,
				20396,
				20798,
				20069,
				19537,
				20270,
				31067,
				31065,
				31068,
				31064,
				31070,
				31066,
				31069,
				31063,
				19539,
				19910,
				20761,
				20298,
				19762,
				20176,
				20122,
				31100,
				19567,
				31099,
				19861,
				20021,
				19573,
				19641,
				20291,
				20042,
				20149,
				19592,
				20300,
				20166,
				20402,
				19745,
				19756,
				19767,
				20256,
				19772,
				20007,
				20139,
				20102,
				19935,
				20227,
				19826,
				20400,
				20076,
				20375,
				19599,
				19863,
				19602,
				19604,
				19603,
				20034,
				19562,
				20109,
				20334,
				19556,
				19695,
				20432,
				20281,
				19778,
				19587,
				20737,
				19780,
				19714,
				20155,
				20239,
				20441,
				20491,
				19931,
				19763,
				20196,
				19835,
				19751,
				20011,
				20015,
				20014,
				20194,
				19712,
				20325,
				20502,
				20075,
				20212,
				31083,
				31079,
				31085,
				31082,
				31086,
				31080,
				31084,
				20342,
				20369,
				20368,
				20365,
				20366,
				20367,
				20370,
				20364,
				19574,
				20433,
				20255,
				19607,
				19938,
				20430,
				20173,
				19986,
				20142,
				31088,
				20252,
				19549,
				20383,
				19597,
				19968,
				31040,
				20431,
				19590,
				19741,
				19836,
				20278,
				20287,
				20303,
				20154,
				19653,
				31049,
				20017,
				20380,
				20374,
				20376,
				19570,
				20082,
				20081,
				19955,
				19966,
				20198,
				20033,
				20179,
				20153,
				20464,
				19764,
				18742,
				19642,
				20000,
				19989,
				20148,
				20181,
				31095,
				20083,
				19729,
				20317,
				20314,
				20398,
				19922,
				19612,
				20141,
				20174,
				20024,
				20283,
				20037,
				19611,
				20267,
				19645,
				19883,
				20104,
				20228,
				20324,
				19717,
				20091,
				20379,
				19707,
				20507,
				19665,
				19631,
				19832,
				20133,
				20347,
				31055,
				31052,
				20295,
				20508,
				20047,
				31027,
				20321,
				19917,
				20172,
				20193,
				19842,
				19617,
				20332,
				20495,
				19540,
				20200,
				19990,
				19652,
				20010,
				19650,
				19676,
				19760,
				20442,
				19701,
				20226,
				19706,
				19609,
				20249,
				20224,
				19782,
				20408,
				20372,
				31105,
				31075,
				31071,
				31077,
				31074,
				31078,
				31072,
				31076,
				31073,
				20251,
				19536,
				20041,
				19697,
				20746,
				19961,
				19723,
				20326,
				19750,
				19768,
				20437,
				20284,
				19994,
				20045,
				19686,
				19682,
				20294,
				19715,
				20393,
				19957,
				20195,
				20322,
				20266,
				20171,
				20316,
				19965,
				20080,
				19752,
				19777,
				20005,
				19937,
				20382,
				19535,
				20168,
				20378,
				20451,
				20268,
				20293,
				20263,
				19742,
				19889,
				20392,
				20231,
				20242,
				20273,
				20330,
				19677,
				19670,
				20323,
				20371,
				20218,
				18743,
				31060,
				20381,
				31054,
				20340,
				20362,
				20361,
				20358,
				20359,
				20360,
				20363,
				20357,
				20152,
				31042,
				19661,
				20036,
				19544,
				19576,
				19728,
				20165,
				20183,
				20460,
				19655,
				20440,
				19561,
				18744,
				20463,
				31093,
				20286,
				20459,
				19613,
				20098,
				19884,
				19839,
				20329,
				20407,
				19825,
				20386,
				20100,
				20448,
				20335,
				19610,
				20130,
				20449,
				19649,
				19823,
				20269,
				20134,
				19761,
				31048,
				19571,
				20067,
				31046,
				20250,
				19643,
				20458,
				19530,
				18741,
				20048,
				19970,
				20509,
				19710,
				19663,
				19903,
				20071,
				19709,
				19755,
				20296,
				20020,
				20244,
				20099,
				20116,
				19522,
				19520,
				19518,
				20117,
				19510,
				19516,
				19519,
				19515;
        .headgearsize = getarraysize(.headgear);
        for ( .@i = 0; .@i < .headgearsize; .@i++ )
                .menu$ = .menu$ + getitemname(.headgear[.@i]) +":";
        end;
}